11
17
20
21
22
25
28
29
32
36
39
40
42
47
50
53
56
57
65
67
69
72
75
82
84
85
86
87
92
95
96
97
99
101
103
108
118
121
122
123
128
129
133
134
135
136
138
140
142
150
152
157
164
169
170
185
191
192
198
199
203
222
224
227
229
238
246
251
252
255
265
336
337
339
342
343
344
346
347
348
349
352
361
364
365
367
370
371
372
373
375
376
377
378
379
381
382
383
384
385
387
388
389
390
392
393
394
395
396
397
398
400
401
406
408
409
410
411
416
419
421
425
431
432
433
434
523
529
530
531
537
538
539
540
547
549
550
552
